update,framesToTrain,FPS,duration,rreturn_mean,rreturn_std,rreturn_min,rreturn_max,num_frames_mean,num_frames_std,num_frames_min,num_frames_max,entropy,value,policy_loss,value_loss,grad_norm,return_mean,return_std,return_min,return_max
1,6144,1081.3505670398815,5,0.0,0.0,0,0,0.0,0.0,0,0,1.7878082642952602,0.17992621784408888,0.02031123260288344,0.026290211904173095,0.16040796459178572,0.0,0.0,0,0
update,framesToTrain,FPS,duration,rreturn_mean,rreturn_std,rreturn_min,rreturn_max,num_frames_mean,num_frames_std,num_frames_min,num_frames_max,entropy,value,policy_loss,value_loss,grad_norm,return_mean,return_std,return_min,return_max
2,12288,1204.8633356173077,11,0.0,0.0,0,0,0.0,0.0,0,0,1.7932488024234772,0.1821235033373038,0.02656326035503298,0.005952339464177688,0.08260021560178528,0.0,0.0,0,0
3,18432,1254.0702859920061,15,0.0,0.0,0,0,0.0,0.0,0,0,1.8463186224301655,0.16943352296948433,0.027667436593522627,0.0010370032347661133,0.02858763562549384,0.0,0.0,0,0
4,24576,1302.7607604460015,20,0.0,0.0,0,0,0.0,0.0,0,0,1.905104582508405,0.14841679545740286,0.023483144662653405,0.0005100151659765592,0.025596800937637762,0.0,0.0,0,0
5,30720,1316.5837827012244,25,0.0,0.0,0.0,0.0,320.0,320.0,0.0,640.0,1.9233871002991993,0.11853078007698059,0.0318388380886366,0.0005591990884568077,0.022801028777775175,0.0,0.0,0.0,0.0
6,36863,1106.495378103127,5,0.0,0.0,0,0,0.0,0.0,0,0,1.9324189523855846,0.10292273201048374,0.016920265625230968,9.832067128930551e-05,0.009209595458193118,0.0,0.0,0,0
7,43007,1351.6359863941618,10,0.0,0.0,0,0,0.0,0.0,0,0,1.93843408425649,0.0884631418933471,0.015464504598639905,5.864248350917478e-05,0.008010784835463218,0.0,0.0,0,0
8,49151,1363.7937663512946,14,0.0,0.0,0,0,0.0,0.0,0,0,1.9390597691138585,0.07611468248069286,0.01384060507795463,5.9101263104821555e-05,0.008512105443264485,0.0,0.0,0,0
9,55295,1253.8935113703753,19,0.0,0.0,0,0,0.0,0.0,0,0,1.941058670481046,0.06574437643090884,0.011632881709374487,6.245528447834658e-05,0.0073717444383099425,0.0,0.0,0,0
10,61439,1251.771840233254,24,0.013736979415019354,0.09417598612219187,0.0,0.659375011920929,11.354166666666666,77.84024494205353,0.0,545.0,1.9378831932942073,0.05661166552454233,0.008087454033860316,0.00039040059133791755,0.01774587627154425,0.013736979415019354,0.09417598612219187,0.0,0.659375011920929
11,67582,981.637703219979,6,0.0,0.0,0,0,0.0,0.0,0,0,1.9421469171841939,0.04600197961553931,0.007838751577461759,3.647231187642319e-05,0.006159628827241181,0.0,0.0,0,0
12,73726,1067.8228375190138,12,0.0,0.0,0,0,0.0,0.0,0,0,1.9431023051341374,0.03893053655823072,0.006800559815019369,2.6505493603205348e-05,0.003749901131733523,0.0,0.0,0,0
13,79870,1128.9649072364487,17,0.0,0.0,0,0,0.0,0.0,0,0,1.9433082391818364,0.03359398851171136,0.005693676008377224,2.6860600579918053e-05,0.003979764990578154,0.0,0.0,0,0
14,86014,1104.0269862751306,23,0.0,0.0,0,0,0.0,0.0,0,0,1.943593795100848,0.029274165630340576,0.004916083610927065,2.2612606774904027e-05,0.0035502144906750187,0.0,0.0,0,0
15,92158,1086.9783213451267,29,0.013671875,0.09372965273985802,0.0,0.65625,11.458333333333334,78.5543756295953,0.0,550.0,1.9424072404702504,0.027022836574663717,0.0026878748588690846,0.0005334617832583414,0.012995442616441635,0.013671875,0.09372965273985802,0.0,0.65625
16,98301,980.7918904753498,6,0.020130208383003872,0.13800575570797216,0.0,0.9662500023841858,1.125,7.712611425451175,0.0,54.0,1.9401296575864155,0.02301657956559211,0.0013369983062148094,0.001193959298992316,0.03575234732242322,0.020130208383003872,0.13800575570797216,0.0,0.9662500023841858
17,104445,1055.5044660016024,12,0.05746093764901161,0.22270101602196857,0.0,0.9662500023841858,8.0625,33.94996701642973,0.0,173.0,1.941994587580363,0.029516916450423498,0.0003505307334611037,0.0012829618632774025,0.03160892166195454,0.05746093764901161,0.22270101602196857,0.0,0.9662500023841858
18,110589,1110.3167208379255,18,0.07397135471304257,0.2459883054390872,0.0,0.9662500023841858,14.979166666666666,57.354703956800456,0.0,332.0,1.9383313655853271,0.027242420939728618,0.002318002016788038,0.000564983116419171,0.015677709962501906,0.07397135471304257,0.2459883054390872,0.0,0.9662500023841858
19,116733,1171.7196012267275,23,0.08916666731238365,0.2628961665199408,0.0,0.9662500023841858,24.0,82.72821969154982,0.0,433.0,1.9368670930465062,0.024370484830190737,0.002040260882495204,0.0006706865412221911,0.018345518305125014,0.08916666731238365,0.2628961665199408,0.0,0.9662500023841858
20,122877,1234.5092946754446,28,0.12989583363135657,0.29453273835018356,0.0,0.9662500023841858,58.833333333333336,153.01025746298478,0.0,585.0,1.9382738173007965,0.02043400250840932,-0.0015122140806245927,0.0008250984634893636,0.025318209495554758,0.12989583363135657,0.29453273835018356,0.0,0.9662500023841858
21,129020,860.6586903226593,7,0.019179686903953552,0.13148930875734083,0.0,0.9206249713897705,2.6458333333333335,18.1389194635611,0.0,127.0,1.938022459546725,0.01059192382187272,-0.001253836623315389,0.0008627134111520718,0.01748109613881312,0.019179686903953552,0.13148930875734083,0.0,0.9206249713897705
22,135164,1118.3145814663876,12,0.03729166587193807,0.17892102142083519,0.0,0.9206249713897705,7.0,34.59828993847336,0.0,209.0,1.9406287272771199,0.007748085856292164,-0.0015354225330762954,0.0006033501949787023,0.017135123282062657,0.03729166587193807,0.17892102142083519,0.0,0.9206249713897705
23,141308,1165.4587144300037,18,0.05359374980131785,0.20805646198366207,0.0,0.9206249713897705,14.25,59.71582007028511,0.0,348.0,1.9401134898265202,0.005141757435922045,-0.002571075744829917,0.0007262210165208671,0.01812466681070722,0.05359374980131785,0.20805646198366207,0.0,0.9206249713897705
24,147452,1173.7665405666507,23,0.06822916616996129,0.22756524792746322,0.0,0.9206249713897705,24.166666666666668,88.91201955991227,0.0,476.0,1.9362757702668507,0.002636986691262185,-0.004113593865743799,0.0008261126185971079,0.022695125565948746,0.06822916616996129,0.22756524792746322,0.0,0.9206249713897705
25,153596,1124.1396264460375,28,0.1417447899778684,0.3002805991797628,0.0,0.9743750095367432,73.20833333333333,176.55841317787406,0.0,635.0,1.9350494394699733,0.007760114827154514,-0.004626372807251755,0.0014270311900569748,0.022809082943137538,0.1417447899778684,0.3002805991797628,0.0,0.9743750095367432
26,159739,1071.9417657897975,6,0.0,0.0,0,0,0.0,0.0,0,0,1.9406050393978755,0.00044879919520705397,4.7378838644362986e-05,6.0795900026278105e-05,0.005045243720449726,0.0,0.0,0,0
27,165883,1139.7262767950494,11,0.0,0.0,0,0,0.0,0.0,0,0,1.9424614161252975,0.000430618079311292,-5.31968726136256e-05,3.4280002485805504e-05,0.0036055792108368964,0.0,0.0,0,0
28,172027,1225.3092027840835,16,0.0,0.0,0,0,0.0,0.0,0,0,1.943913459777832,-0.00020371391140846148,-0.00045187246572216583,2.5010319707992796e-05,0.002711257267415803,0.0,0.0,0,0
29,178171,1241.1117409775738,21,0.015208333730697632,0.10426308310529159,0.0,0.7300000190734863,9.0,61.7008914036094,0.0,432.0,1.9404340436061223,0.0025481789501403305,-0.0019636529270125416,0.00046855896850199014,0.012532620693339255,0.015208333730697632,0.10426308310529159,0.0,0.7300000190734863
30,184315,1324.7871032921287,26,0.02865885446468989,0.1377125497512976,0.0,0.7300000190734863,20.8125,100.75975061377434,0.0,567.0,1.9369951486587524,0.001922219979557364,-0.002142569201775283,0.0005760290623584297,0.012557622998642411,0.02865885446468989,0.1377125497512976,0.0,0.7300000190734863
31,190458,1133.6263441459762,5,0.019934896379709244,0.1366667640740718,0.0,0.9568750262260437,1.4375,9.8550034880765,0.0,69.0,1.9365527232487996,0.005164813190276618,-0.0035755006899004607,0.0008517083879269194,0.020175869908452635,0.019934896379709244,0.1366667640740718,0.0,0.9568750262260437
32,196602,1220.1612791819393,10,0.057486979911724724,0.22276364622888215,0.0,0.9568750262260437,8.020833333333334,33.151476578058414,0.0,182.0,1.9376829117536545,0.0006232842788449489,-0.004266546001114572,0.000764295300541562,0.016527322747563706,0.057486979911724724,0.22276364622888215,0.0,0.9568750262260437
33,202746,1247.1677184269731,15,0.1089973971247673,0.28919357558647124,0.0,0.9568750262260437,25.604166666666668,76.10484532957733,0.0,378.0,1.9278181741635005,0.009381002142617945,-0.00498577250012507,0.0020505275921702073,0.026617421619943366,0.1089973971247673,0.28919357558647124,0.0,0.9568750262260437
34,208890,1236.287100577159,20,0.20009114717443785,0.34950493026955903,0.0,0.9568750262260437,79.85416666666667,156.08798127756523,0.0,510.0,1.923892433444659,0.019533872546162456,-0.011471313909472277,0.0029062191727765216,0.032934954879591326,0.20009114717443785,0.34950493026955903,0.0,0.9568750262260437
35,215034,1292.8674501258913,25,0.40335937837759656,0.3957559222868933,0.0,0.9568750262260437,187.95833333333334,224.20553798666276,0.0,609.0,1.909457340836525,0.060254464857280254,-0.016768275760114193,0.0058486337851112085,0.042420580133220386,0.40335937837759656,0.3957559222868933,0.0,0.9568750262260437
36,221177,1040.846183936814,6,0.07997395843267441,0.26527163901869016,0.0,0.9775000214576721,5.375,18.86423534098321,0.0,88.0,1.901048719882965,0.038446142338216305,-0.006175917786701272,0.0036197973774202787,0.033814994515605566,0.07997395843267441,0.26527163901869016,0.0,0.9775000214576721
37,227321,1166.4605138793336,11,0.2644401043653488,0.4126588483889338,0.0,0.9775000214576721,43.5625,76.08107141124745,0.0,253.0,1.8867027014493942,0.06945644070704778,-0.014373972556010509,0.007779877826881905,0.04783945356189959,0.2644401043653488,0.4126588483889338,0.0,0.9775000214576721
38,233465,1260.8239910065429,16,0.43347656230131787,0.4357883351043734,0.0,0.9775000214576721,106.4375,128.34863105522396,0.0,382.0,1.877475728591283,0.09065641276538372,-0.01171866728933916,0.006297912196411441,0.047992826531333466,0.43347656230131787,0.4357883351043734,0.0,0.9775000214576721
39,239609,1227.790848976907,21,0.7525520846247673,0.26953488384047486,0.0,0.9775000214576721,229.25,153.32760405963,0.0,511.0,1.8287339558204014,0.14408140163868666,-0.018625518074259162,0.010035602763916055,0.06744746187051742,0.7525520846247673,0.26953488384047486,0.0,0.9775000214576721
40,245753,1252.8468829082915,26,0.8063671886920929,0.10402923374197409,0.621874988079071,0.9775000214576721,309.8125,166.4467703013489,36.0,605.0,1.8204518755276997,0.19554825748006502,-0.0110730587815245,0.009171731498402854,0.06688362631002676,0.8063671886920929,0.10402923374197409,0.621874988079071,0.9775000214576721
41,251896,1162.762588647786,5,0.4814973933001359,0.48157246350678923,0.0,0.9868749976158142,29.604166666666668,32.580502594428395,0.0,101.0,1.7978260119756062,0.21410533351202807,-0.028788258515608806,0.010204091881557057,0.07577879668505916,0.4814973933001359,0.48157246350678923,0.0,0.9868749976158142
42,258040,1201.268598525146,10,0.9230598943928877,0.04119911296474213,0.8418750166893005,0.9881250262260437,123.10416666666667,65.91858601820043,19.0,253.0,1.7548358390728633,0.31302180886268616,-0.03626033764642974,0.015346244986479482,0.12175553914252928,0.9230598943928877,0.04119911296474213,0.8418750166893005,0.9881250262260437
43,264184,1314.490347808021,15,0.9212109396855036,0.05187317655519986,0.7718750238418579,0.9825000166893005,126.0625,82.99708987117158,28.0,365.0,1.7191774745782216,0.32731355850895244,-0.044868107264240585,0.013442160018409291,0.11635342971863098,0.9212109396855036,0.05187317655519986,0.7718750238418579,0.9825000166893005
44,270328,1220.2498513031132,20,0.9335677064955235,0.050611810153484156,0.7106249928474426,0.9825000166893005,106.29166666666667,80.97889599903311,28.0,463.0,1.7251182049512863,0.3319234438240528,-0.02227777942607645,0.012309798815598091,0.10049424606978759,0.9335677064955235,0.050611810153484156,0.7106249928474426,0.9825000166893005
45,276472,1181.759193613114,25,0.9133673492743044,0.08551509529927782,0.640625,0.9868749976158142,138.6122448979592,136.8241559300873,21.0,575.0,1.6991635312636693,0.370288472622633,-0.03337631254301717,0.01293371885549277,0.11255594962524841,0.9133673492743044,0.08551509529927782,0.640625,0.9868749976158142
46,282615,1133.4229160330424,5,0.9721471744198953,0.01435861010447561,0.9337499737739563,0.9931250214576721,44.564516129032256,22.97377254100573,11.0,106.0,1.648896038532257,0.42632031937440235,-0.06212771978850166,0.015081103658303618,0.11139595982185517,0.9721471744198953,0.01435861010447561,0.9337499737739563,0.9931250214576721
47,288759,1225.7292360147962,10,0.9543055538777951,0.034332960562100924,0.8431249856948853,0.9937499761581421,73.11111111111111,54.93273102870096,10.0,251.0,1.5995451857646306,0.4884252957999706,-0.0432841656729579,0.015343672130256891,0.11891900585613917,0.9543055538777951,0.034332960562100924,0.8431249856948853,0.9937499761581421
48,294903,1326.705134166588,15,0.9636418280693201,0.03220400329334938,0.8118749856948853,0.9931250214576721,58.17307692307692,51.52640143051617,11.0,301.0,1.5874943882226944,0.5288238873084387,-0.055955478455871344,0.015023803959290186,0.10833673392122704,0.9636418280693201,0.03220400329334938,0.8118749856948853,0.9931250214576721
49,301047,1204.4705959005903,20,0.9663163703099816,0.042503201046376546,0.737500011920929,0.9937499761581421,53.89380530973451,68.00512250771651,10.0,420.0,1.552992175022761,0.5795986652374268,-0.03096221872450163,0.013542053910593191,0.11177802544018102,0.9663163703099816,0.042503201046376546,0.737500011920929,0.9937499761581421
50,307191,1169.1714488426658,25,0.9636737815732879,0.05157008784561214,0.6068750023841858,0.9931250214576721,58.1219512195122,82.51214104956304,11.0,629.0,1.5296496053536732,0.6249765182534853,-0.03142916380117337,0.012247018632479012,0.12716673120807173,0.9636737815732879,0.05157008784561214,0.6068750023841858,0.9931250214576721
51,313334,1033.9787494684117,6,0.9651960800675785,0.015531580469383998,0.9243749976158142,0.9881250262260437,55.68627450980392,24.850525852390543,19.0,121.0,1.6254484405120213,0.520422674715519,0.008305480509685973,0.010007933053808907,0.1028268153028773,0.9651960800675785,0.015531580469383998,0.9243749976158142,0.9881250262260437
52,319478,1236.0661511954966,11,0.9536931832115372,0.03440342512982408,0.8412500023841858,0.9862499833106995,74.0909090909091,55.04547867491187,22.0,254.0,1.5484575579563777,0.5428609078129133,-0.020300423299583297,0.01068721835811933,0.10746125636452424,0.9536931832115372,0.03440342512982408,0.8412500023841858,0.9862499833106995
53,325622,1236.0101851468144,16,0.9462857127189637,0.052115395104591025,0.778124988079071,0.9912499785423279,85.94285714285714,83.38463128595028,14.0,355.0,1.6052737335364025,0.5325078169504801,-0.0030388513550860807,0.009183172000727305,0.1024438370369276,0.9462857127189637,0.052115395104591025,0.778124988079071,0.9912499785423279
54,331766,1249.083054864537,21,0.9458750035081591,0.04749440666184874,0.746874988079071,0.9900000095367432,86.6,75.99105210483665,16.0,405.0,1.6143207053343456,0.5571456501881281,-0.00300500756323648,0.009358892838160196,0.08516551562833097,0.9458750035081591,0.04749440666184874,0.746874988079071,0.9900000095367432
55,337910,1249.8053390810267,26,0.9493668814758202,0.0554951597682516,0.6762499809265137,0.9906250238418579,81.01298701298701,88.79225622993499,15.0,518.0,1.5974023938179016,0.5883211667339007,-3.2825508545405078e-06,0.008624181752869239,0.08252698292319806,0.9493668814758202,0.0554951597682516,0.6762499809265137,0.9906250238418579
56,344053,1114.4953430217463,5,0.9741853924279802,0.015360087609463148,0.9256250262260437,0.9925000071525574,41.30337078651685,24.57613919742646,12.0,119.0,1.5768784880638123,0.6198404605189959,-0.010926301154540852,0.00793184396267558,0.07959154010448508,0.9741853924279802,0.015360087609463148,0.9256250262260437,0.9925000071525574
57,350197,1200.0302583158143,10,0.9676860684656915,0.027462314309664546,0.8543750047683716,0.9931250214576721,51.70229007633588,43.93970446354113,11.0,233.0,1.5053990334272385,0.6739612023035685,-0.02311505676091959,0.00878719329678764,0.08116435532240786,0.9676860684656915,0.027462314309664546,0.8543750047683716,0.9931250214576721
58,356341,1177.8296212830726,16,0.9722746606586742,0.02643369238726098,0.8362500071525574,0.9925000071525574,44.36054421768708,42.29390936969358,12.0,262.0,1.453248217701912,0.7068810140093168,-0.021835274916763108,0.007760280161164701,0.08544564447246933,0.9722746606586742,0.02643369238726098,0.8362500071525574,0.9925000071525574
59,362485,1185.5233375979376,21,0.9750464542492016,0.019374332909473223,0.8862500190734863,0.9943749904632568,39.92567567567568,30.99893006353611,9.0,182.0,1.4620011001825333,0.7088959018389384,-0.022838585389157135,0.007093990532060464,0.07519790873032188,0.9750464542492016,0.019374332909473223,0.8862500190734863,0.9943749904632568
60,368629,1264.0377575907346,26,0.9754697707743426,0.020488232383836343,0.8587499856948853,0.9937499761581421,39.248366013071895,32.78116808459115,10.0,226.0,1.4143481999635696,0.729400560259819,-0.015359014466715356,0.006384866622587045,0.0799651792137056,0.9754697707743426,0.020488232383836343,0.8587499856948853,0.9937499761581421
61,374772,1087.0901587640403,5,0.9691235649174658,0.015034521626502621,0.925000011920929,0.9900000095367432,49.40229885057471,24.05523326822771,16.0,120.0,1.4728526224692662,0.6899629061420759,0.011660221808900436,0.005745140292371313,0.0838077714553193,0.9691235649174658,0.015034521626502621,0.925000011920929,0.9900000095367432
62,380916,1159.4852249546698,11,0.9653703713858569,0.020071135311698848,0.8793749809265137,0.9906250238418579,55.407407407407405,32.11381294968495,15.0,193.0,1.434142917394638,0.6969875395298004,-0.0019043411205833156,0.005108136334456503,0.06004504567372863,0.9653703713858569,0.020071135311698848,0.8793749809265137,0.9906250238418579
63,387060,1178.8723862983336,16,0.963302752293578,0.021343911918058157,0.8262500166893005,0.9900000095367432,58.71559633027523,34.15025937632214,16.0,278.0,1.4442184617122014,0.69609434902668,-0.004829717213093924,0.0047353883273899555,0.06640280266746183,0.963302752293578,0.021343911918058157,0.8262500166893005,0.9900000095367432
64,393204,1123.0304121740387,21,0.9660922946216904,0.023192720836378477,0.800000011920929,0.9906250238418579,54.25233644859813,37.10835194751491,15.0,320.0,1.4422914236783981,0.6913524915774664,0.004168150347444073,0.005254725304742654,0.058572605207533567,0.9660922946216904,0.023192720836378477,0.800000011920929,0.9906250238418579
65,399348,1217.8633115954656,27,0.9649849977493287,0.027472994057941617,0.7618749737739563,0.9900000095367432,56.024,43.95679041968374,16.0,381.0,1.4241550614436467,0.7105880777041117,-0.015490249963477254,0.005062538820008437,0.06633375379243635,0.9649849977493287,0.027472994057941617,0.7618749737739563,0.9900000095367432
66,405491,930.2421974935468,7,0.971817604133061,0.009936054729036857,0.9393749833106995,0.9881250262260437,45.09183673469388,15.897687378148573,19.0,97.0,1.4575120210647583,0.7001608336965243,0.0009495969400935186,0.005306784277005742,0.06261358798945706,0.971817604133061,0.009936054729036857,0.9393749833106995,0.9881250262260437
67,411635,941.774323498837,13,0.9648014011784135,0.02159975278777654,0.8600000143051147,0.9912499785423279,56.3177570093458,34.55960532475216,14.0,224.0,1.5041398803393047,0.7142121170957884,0.005269776641701658,0.00483924726722762,0.0574880610067725,0.9648014011784135,0.02159975278777654,0.8600000143051147,0.9912499785423279
68,417779,941.2897987808798,20,0.9651801779463485,0.018134683745428114,0.8843749761581421,0.9862499833106995,55.711711711711715,29.01549365157894,22.0,185.0,1.4738616695006688,0.6995077828566233,0.006777902526664548,0.0052876709184298916,0.06544544332735225,0.9651801779463485,0.018134683745428114,0.8843749761581421,0.9862499833106995
69,423923,932.107573339466,26,0.96186862429794,0.02843542972810703,0.8368750214576721,0.9881250262260437,61.01020408163265,45.49669081887775,19.0,261.0,1.497072493036588,0.6874067882696787,0.006399858379154466,0.005453765935574968,0.07008106355782573,0.96186862429794,0.02843542972810703,0.8368750214576721,0.9881250262260437
70,430067,972.4438475816813,33,0.9631886581579844,0.023154690087155202,0.8650000095367432,0.9900000095367432,58.898148148148145,37.047501993765415,16.0,216.0,1.5175677835941315,0.6975304509202639,0.006272104074014351,0.00533749566723903,0.0670572035624376,0.9631886581579844,0.023154690087155202,0.8650000095367432,0.9900000095367432
71,436210,954.3899876061683,6,0.9701334264840973,0.012179341122970904,0.9206249713897705,0.9893749952316284,47.78651685393258,19.486942854133833,17.0,127.0,1.4956761995951335,0.6846102029085159,0.0006778133295786878,0.004948948393575847,0.05926717717434121,0.9701334264840973,0.012179341122970904,0.9206249713897705,0.9893749952316284
72,442354,961.4035066984256,13,0.9653298634069937,0.019220272607696817,0.8868749737739563,0.9893749952316284,55.47222222222222,30.752433909497707,17.0,181.0,1.468389203151067,0.6841831530133883,-0.0035906571574741974,0.00603449761789913,0.0731020270510127,0.9653298634069937,0.019220272607696817,0.8868749737739563,0.9893749952316284
73,448498,989.566304231248,19,0.9635170443491502,0.026189706685563252,0.8187500238418579,0.9918749928474426,58.372727272727275,41.90353838192689,13.0,290.0,1.4839840133984883,0.6924597397446632,-0.003063219463607917,0.005567794471668701,0.060336342047728614,0.9635170443491502,0.026189706685563252,0.8187500238418579,0.9918749928474426
74,454642,942.4827604619583,25,0.9646670595507756,0.02402696243221463,0.8006250262260437,0.9906250238418579,56.532710280373834,38.443141108159416,15.0,319.0,1.4803331444660823,0.7101048404971758,0.010682811165073266,0.005401571824525793,0.05665991863850702,0.9646670595507756,0.02402696243221463,0.8006250262260437,0.9906250238418579
75,460786,985.3492619804011,32,0.9624116161856988,0.02591202481233934,0.84375,0.9912499785423279,60.14141414141414,41.459243733207394,14.0,250.0,1.5280587375164032,0.6951971873641014,0.010007025761296973,0.005546623782720417,0.07129324944010206,0.9624116161856988,0.02591202481233934,0.84375,0.9912499785423279
76,466929,962.1424770992852,6,0.9732934780742811,0.010508578248276524,0.9362499713897705,0.9900000095367432,42.7304347826087,16.813722004275288,16.0,102.0,1.442451924085617,0.7371239910523096,-0.010105192127715176,0.004234093571236978,0.05171534254720498,0.9732934780742811,0.010508578248276524,0.9362499713897705,0.9900000095367432
77,473073,977.8584068459261,13,0.9732136519242686,0.012712418782650196,0.9131249785423279,0.9900000095367432,42.858156028368796,20.33987160091264,16.0,139.0,1.4004927823940914,0.7485058829188347,-0.010570614831522107,0.004090711581132685,0.0565265680174716,0.9732136519242686,0.012712418782650196,0.9131249785423279,0.9900000095367432
78,479217,990.4948582278578,19,0.974104166428248,0.010949319259195813,0.9087499976158142,0.9912499785423279,41.43333333333333,17.518910417666454,14.0,146.0,1.37241397301356,0.7596204852064451,-0.01838794428234299,0.0034662289059876152,0.06171910566963736,0.974104166428248,0.010949319259195813,0.9087499976158142,0.9912499785423279
79,485361,1005.0916362712213,25,0.9745228032808047,0.01095819777540381,0.9231250286102295,0.9925000071525574,40.763513513513516,17.533119812455666,12.0,123.0,1.3836586326360703,0.759925089776516,-0.008975213791321343,0.003388645389350131,0.04475959023649286,0.9745228032808047,0.01095819777540381,0.9231250286102295,0.9925000071525574
80,491505,945.9661203526949,31,0.974772376778685,0.02251722131933278,0.7137500047683716,0.9925000071525574,40.364197530864196,36.02755395678604,12.0,458.0,1.3758237659931183,0.785869819422563,-0.013489021240578344,0.002997628558659926,0.0506374659456253,0.974772376778685,0.02251722131933278,0.7137500047683716,0.9925000071525574
81,497648,951.2260140185278,6,0.9732932706291859,0.012593468968615405,0.9243749976158142,0.9887499809265137,42.73076923076923,20.149551803199557,18.0,121.0,1.4949418356021245,0.741273599366347,0.022737605225605268,0.003653902832108239,0.05969680653762626,0.9732932706291859,0.012593468968615405,0.9243749976158142,0.9887499809265137
82,503792,964.9005946745993,13,0.9667839795640372,0.020613763845747837,0.8893749713897705,0.9900000095367432,53.14563106796116,32.98202151245971,16.0,177.0,1.489205891887347,0.71669502556324,0.01821196669091781,0.004492377202647428,0.05963504475919191,0.9667839795640372,0.020613763845747837,0.8893749713897705,0.9900000095367432
83,509936,966.9502291130406,19,0.9642618550308819,0.02321040852759349,0.8818749785423279,0.9918749928474426,57.18103448275862,37.136653317436945,13.0,189.0,1.4960269629955292,0.7162090862790743,0.006100794062755692,0.004833387152757496,0.06624833072285102,0.9642618550308819,0.02321040852759349,0.8818749785423279,0.9918749928474426
84,516080,991.0931231189711,25,0.9667249989509582,0.017243912521732064,0.8756250143051147,0.987500011920929,53.24,27.59025915064953,20.0,199.0,1.5256889015436172,0.7098022227485975,0.01961657765787095,0.0048435035278089345,0.06302033325679303,0.9667249989509582,0.017243912521732064,0.8756250143051147,0.987500011920929
85,522224,941.2906927229019,32,0.9597615962175979,0.038508817527967615,0.6787499785423279,0.9887499809265137,64.38144329896907,61.614103904696556,18.0,514.0,1.5261465311050415,0.6990020597974459,0.015810741169843823,0.005245404434390366,0.07320282326721538,0.9597615962175979,0.038508817527967615,0.6787499785423279,0.9887499809265137
86,528367,891.4599244892755,7,0.9712448218493785,0.011341453752251662,0.9235668778419495,0.987261176109314,45.14563106796116,17.80607934091492,20.0,120.0,1.485711360971133,0.7092436129848162,-0.0061811185417658026,0.004508774989517406,0.05774423400681719,0.9712448218493785,0.011341453752251662,0.9235668778419495,0.987261176109314
87,534511,971.2183186511292,13,0.9702135657562929,0.01450752153671429,0.8961783647537231,0.9910827875137329,46.76470588235294,22.77680556997224,14.0,163.0,1.414257248242696,0.7371724968155225,-0.0172446669312194,0.004388170753372833,0.059091555286973574,0.9702135657562929,0.01450752153671429,0.8961783647537231,0.9910827875137329
88,540655,971.1910132075446,19,0.9714675724100904,0.014231604861388473,0.8936305642127991,0.9923567175865173,44.795918367346935,22.343617931119383,12.0,167.0,1.4238094985485077,0.755956714351972,-0.015524985559750348,0.003541960584698245,0.05554422529468325,0.9714675724100904,0.014231604861388473,0.8936305642127991,0.9923567175865173
89,546799,980.5079014813772,26,0.9747633011759939,0.00943879652226073,0.9305732250213623,0.9885350465774536,39.62162162162162,14.81890930689634,18.0,109.0,1.444256529211998,0.775469996035099,-0.004877515355474316,0.003096508861441786,0.05136416364043119,0.9747633011759939,0.00943879652226073,0.9305732250213623,0.9885350465774536
90,552943,974.2400860392488,32,0.9740903973579407,0.01103970590260487,0.9171974658966064,0.9891719818115234,40.678082191780824,17.3323416639209,17.0,130.0,1.453999285896619,0.7800788829723994,-0.0014477157844036508,0.002756214865560954,0.045463728358365894,0.9740903973579407,0.01103970590260487,0.9171974658966064,0.9891719818115234
91,559086,1020.9448116294938,6,0.9772266007181424,0.012579966718218993,0.9183006286621094,0.9928104281425476,34.843283582089555,19.24735084605731,11.0,125.0,1.4791988531748455,0.7613768304387728,0.003864239766699029,0.0034177711931988597,0.05656062247178023,0.9772266007181424,0.012579966718218993,0.9183006286621094,0.9928104281425476
92,565230,1042.8974370347396,12,0.9749193767706553,0.019936893807087967,0.8797385692596436,0.9921568632125854,38.373333333333335,30.5034526278948,12.0,184.0,1.448216398557027,0.750955156981945,0.007137252371952248,0.004131466577139993,0.06229305180685083,0.9749193767706553,0.019936893807087967,0.8797385692596436,0.9921568632125854
93,571374,1038.9441222004334,18,0.975047362626657,0.01867707824524677,0.8790849447250366,0.9921568632125854,38.17751479289941,28.57593171033425,12.0,185.0,1.434314673145612,0.7584486454725266,-0.006068474875064567,0.004988911658680688,0.06629539447806755,0.975047362626657,0.01867707824524677,0.8790849447250366,0.9921568632125854
94,577518,1037.1692901373385,24,0.9757398489099112,0.02240065189977097,0.7745097875595093,0.9934640526771545,37.11801242236025,34.27299588570005,10.0,345.0,1.4456260701020558,0.7699673523505529,0.008171038323780522,0.004878793561753507,0.06007253579168862,0.9757398489099112,0.02240065189977097,0.7745097875595093,0.9934640526771545
95,583662,854.9617162347517,31,0.9723798966074323,0.02676282465856507,0.8091503381729126,0.9921568632125854,42.25874125874126,40.9471283327084,12.0,292.0,1.4816870143016179,0.7480629086494446,0.014801307251521697,0.0050427202562180655,0.06468307810507089,0.9723798966074323,0.02676282465856507,0.8091503381729126,0.9921568632125854
96,589805,1027.2454832844123,6,0.9652790796907642,0.015554801029573745,0.9147651195526123,0.9879194498062134,51.734177215189874,23.176651750163174,18.0,127.0,1.576895112792651,0.6922226573030154,0.025580263890636463,0.005631889701665689,0.07329027382780094,0.9652790796907642,0.015554801029573745,0.9147651195526123,0.9879194498062134
97,595949,811.984713901136,13,0.9563828278332949,0.027967759239084816,0.8510066866874695,0.9859060645103455,64.98958333333333,41.671956695437146,21.0,222.0,1.5594665308793385,0.6921869566043218,0.016329383904424805,0.005454482006219526,0.06452700892813659,0.9563828278332949,0.027967759239084816,0.8510066866874695,0.9859060645103455
98,602093,977.6408673231466,20,0.9563685428837071,0.02333781162105432,0.8671140670776367,0.9899328947067261,65.01086956521739,34.77333266256267,15.0,198.0,1.5589661250511806,0.6605651701490084,0.009885487971284116,0.005244009914652755,0.059436490118155966,0.9563685428837071,0.02333781162105432,0.8671140670776367,0.9899328947067261
99,608237,1038.915975287077,26,0.9588979143845408,0.021761558125252885,0.8617449402809143,0.9852349162101746,61.242105263157896,32.42471954656093,22.0,206.0,1.5547544807195663,0.6500981921950976,-8.653529221192002e-05,0.005593583240018536,0.06136516893864282,0.9588979143845408,0.021761558125252885,0.8617449402809143,0.9852349162101746
100,614381,1032.0297197987938,32,0.9531772117665473,0.03408402990188756,0.7489932775497437,0.9865771532058716,69.76595744680851,50.785201717084846,20.0,374.0,1.5319478313128154,0.6566022485494614,0.0017324332960318618,0.005751246625247101,0.05985859612656502,0.9531772117665473,0.03408402990188756,0.7489932775497437,0.9865771532058716
101,620524,1028.4597688378387,6,0.967756489176809,0.014582574043392547,0.9124137759208679,0.9896551966667175,46.75308641975309,21.144728125730303,15.0,127.0,1.4825383722782135,0.6565406620502472,7.491194264730439e-05,0.006276537101560582,0.06164571358176285,0.967756489176809,0.014582574043392547,0.9124137759208679,0.9896551966667175
102,626668,1042.3329447913657,12,0.9543103443888518,0.029454279925915174,0.8262069225311279,0.9868965744972229,66.25,42.708707002743054,19.0,252.0,1.4782036294539769,0.6724274680018425,-0.009089651779504493,0.0057043819688260555,0.06755621486268375,0.9543103443888518,0.029454279925915174,0.8262069225311279,0.9868965744972229
103,632812,809.8297225295464,19,0.9609618845738863,0.022193694391045654,0.8703448176383972,0.9889655113220215,56.60526315789474,32.18085363566699,16.0,188.0,1.4530518501996994,0.6870129133264223,-0.01570961030665785,0.005692370953814437,0.06486313759870375,0.9609618845738863,0.022193694391045654,0.8703448176383972,0.9889655113220215
104,638956,956.2293632109603,26,0.964703800331833,0.020269959741870316,0.8917241096496582,0.9896551966667175,51.17948717948718,29.391438774603884,15.0,157.0,1.4301376392443974,0.7002560868859291,-0.008174369443925874,0.006102499707291524,0.06357795140738726,0.964703800331833,0.020269959741870316,0.8917241096496582,0.9896551966667175
105,645100,1048.4920387234615,32,0.9668452537749425,0.01884973022645392,0.8786206841468811,0.9882758855819702,48.074380165289256,27.332106658065545,17.0,176.0,1.4221727401018143,0.716472623248895,-0.005980948238478352,0.005192821845412254,0.060519936472658686,0.9668452537749425,0.01884973022645392,0.8786206841468811,0.9882758855819702
106,651243,1064.7639121533748,6,0.9730134075575502,0.011019992368018896,0.9120567440986633,0.9900709390640259,38.051094890510946,15.538189904765073,14.0,124.0,1.3591178754965465,0.752674068013827,-0.021227629001562793,0.0037793489464093,0.05261394833046892,0.9730134075575502,0.011019992368018896,0.9120567440986633,0.9900709390640259
107,657387,827.5456487385902,13,0.9730496447278846,0.011022108870016088,0.9191489219665527,0.9921985864639282,38.0,15.541169528402905,11.0,114.0,1.3635032971700032,0.7775527983903885,-0.022134210914373398,0.002607669603700439,0.044526784332109305,0.9730496447278846,0.011022108870016088,0.9191489219665527,0.9921985864639282
108,663531,884.176515777267,20,0.9735783371058377,0.009089711975790636,0.9432623982429504,0.9893617033958435,37.25454545454546,12.816492474107063,15.0,80.0,1.3963089833656948,0.7892894024650255,-0.010672434989828616,0.002295696991495788,0.040909433447805295,0.9735783371058377,0.009089711975790636,0.9432623982429504,0.9893617033958435
109,669675,1085.8616690187528,26,0.9721290678377973,0.011241281387838798,0.9191489219665527,0.9900709390640259,39.29801324503311,15.850207219480977,14.0,114.0,1.4165823807319005,0.7891199961304665,0.0020513281318320273,0.002579876328430449,0.04311814761800884,0.9721290678377973,0.011241281387838798,0.9191489219665527,0.9900709390640259
110,675819,1082.2092092211478,31,0.9714811788155482,0.012089320372194057,0.9120567440986633,0.9907801151275635,40.21153846153846,17.045944556939762,13.0,124.0,1.462087591489156,0.7928649410605431,0.007092859266170611,0.0024114271121410034,0.040365412044825244,0.9714811788155482,0.012089320372194057,0.9120567440986633,0.9907801151275635
111,681962,869.2154913256895,7,0.9704037429764867,0.010322670092770742,0.9401459693908691,0.9897810220718384,40.546875,14.142057938446406,14.0,82.0,1.4752515405416489,0.7740753715236982,0.008912977277456472,0.0023732270686499155,0.041477247892786825,0.9704037429764867,0.010322670092770742,0.9401459693908691,0.9897810220718384
112,688106,825.3119291629089,14,0.9696249711102453,0.012403925888824677,0.8956204652786255,0.9883211851119995,41.61379310344827,16.993380539612783,16.0,143.0,1.463303213318189,0.768991323808829,0.00425916988812484,0.0025169861231309674,0.04198059249312913,0.9696249711102453,0.012403925888824677,0.8956204652786255,0.9883211851119995
113,694250,1002.4840856287424,21,0.9697178956624624,0.012207964764691416,0.9211679100990295,0.9912408590316772,41.486486486486484,16.724915257122394,12.0,108.0,1.4562249779701233,0.774610718091329,-0.002342168013759268,0.0027076065016444772,0.040508993629751085,0.9697178956624624,0.012207964764691416,0.9211679100990295,0.9912408590316772
114,700394,1078.443207291922,26,0.9684358724525997,0.01160622320426133,0.921897828578949,0.9883211851119995,43.24285714285714,15.900526239526712,16.0,107.0,1.455000028014183,0.7652785107493401,0.001865457947133109,0.0028074285558735332,0.04706725981672466,0.9684358724525997,0.01160622320426133,0.921897828578949,0.9883211851119995
115,706538,1078.4955628170067,32,0.9702151886054448,0.01247246305301178,0.9189780950546265,0.9883211851119995,40.8051948051948,17.087277078255152,16.0,111.0,1.4226353218158085,0.7724707424640656,-0.005628402349733126,0.002618950849864632,0.04580372494580696,0.9702151886054448,0.01247246305301178,0.9189780950546265,0.9883211851119995
116,712681,871.431222756154,7,0.9653687810613996,0.01662509537690757,0.9037594199180603,0.9872180223464966,46.05952380952381,22.111379956546504,17.0,128.0,1.5415434588988621,0.7134041711688042,0.03141313736947874,0.003303440927993506,0.05351162576083818,0.9653687810613996,0.01662509537690757,0.9037594199180603,0.9872180223464966
117,718825,811.6963204552337,15,0.9523168324038039,0.036175452502503945,0.8225563764572144,0.9879699349403381,63.41860465116279,48.11335092869635,16.0,236.0,1.5354090531667073,0.6830398390690485,0.03526820661500096,0.004315004334785044,0.06597529064764222,0.9523168324038039,0.036175452502503945,0.8225563764572144,0.9879699349403381
118,724969,942.5949722325574,21,0.9511278149756518,0.03880466814742503,0.7984962463378906,0.9879699349403381,65.0,51.61020864483728,16.0,268.0,1.5115862488746643,0.6612904792030653,0.022831415253070492,0.004858855536440387,0.06626000104221391,0.9511278149756518,0.03880466814742503,0.7984962463378906,0.9879699349403381
119,731113,1063.444622649463,27,0.9346323078725396,0.060180438027939404,0.6984962224960327,0.9872180223464966,86.9390243902439,80.03998201523665,17.0,401.0,1.5610401978095372,0.6484543308615685,0.015486402825141946,0.005377915610248844,0.056464487301362075,0.9346323078725396,0.060180438027939404,0.6984962224960327,0.9872180223464966
120,737257,1061.6702790372535,33,0.9533249808682336,0.03329981667564924,0.8315789699554443,0.9894737005233765,62.077777777777776,44.28875648081896,14.0,224.0,1.5264510959386826,0.6373667071262995,0.013226446715028336,0.00640815570174406,0.07172974812514274,0.9533249808682336,0.03329981667564924,0.8315789699554443,0.9894737005233765
121,743400,816.868244551991,8,0.9711028587918321,0.01566231159556743,0.9108527302742004,0.9906976819038391,37.27731092436975,20.204386065859165,12.0,115.0,1.5031734655300777,0.6915532449881235,-0.022523001690084737,0.005774428854541232,0.07051316830625574,0.9711028587918321,0.01566231159556743,0.9108527302742004,0.9906976819038391
122,749544,820.0613996132985,15,0.9670224050952964,0.027499163453030957,0.8271318078041077,0.9914728403091431,42.54109589041096,35.47391994211097,11.0,223.0,1.4687550961971283,0.722858709593614,-0.01226517251537492,0.005805156833957881,0.0659162032985623,0.9670224050952964,0.027499163453030957,0.8271318078041077,0.9914728403091431
123,755688,1052.9786642097795,21,0.969530855680441,0.025109256478000077,0.8224806189537048,0.9914728403091431,39.3051948051948,32.39094147901719,11.0,229.0,1.475409636894862,0.7351424147685369,-0.006215372132525469,0.00547583729106312,0.06455305157539733,0.969530855680441,0.025109256478000077,0.8224806189537048,0.9914728403091431
124,761832,1066.2727610211734,27,0.9669541566577179,0.025410496868689156,0.8124030828475952,0.9922480583190918,42.629139072847686,32.77953971248095,10.0,242.0,1.47705573340257,0.7438759033878645,-0.005790094381760961,0.00469701499484169,0.06176850445133125,0.9669541566577179,0.025410496868689156,0.8124030828475952,0.9922480583190918
125,767976,853.3615573751763,34,0.9668949764885314,0.029787662082115782,0.7806201577186584,0.9906976819038391,42.705479452054796,38.426084143174734,12.0,283.0,1.4659835000832875,0.7441787694891294,0.005988773659434325,0.004959039584112664,0.06380049309180695,0.9668949764885314,0.029787662082115782,0.7806201577186584,0.9906976819038391
126,774119,781.7946275100971,8,0.9615053758826307,0.016012401069425995,0.9031999707221985,0.9847999811172485,48.11827956989247,20.015504453935115,19.0,121.0,1.5013997654120128,0.6989483584960302,0.005616593009714658,0.0046030906863355385,0.06176096280447465,0.9615053758826307,0.016012401069425995,0.9031999707221985,0.9847999811172485
127,780263,1058.5100409293666,14,0.9604444427367969,0.020043694871452942,0.86080002784729,0.9847999811172485,49.44444444444444,25.05462218967643,19.0,174.0,1.4552436222632725,0.7052813023328781,0.000345200930799668,0.004356213399053861,0.053642885239767756,0.9604444427367969,0.020043694871452942,0.86080002784729,0.9847999811172485
128,786407,858.0519759702329,21,0.9575870950375834,0.027632236919722254,0.7911999821662903,0.9847999811172485,53.016129032258064,34.54029527839672,19.0,261.0,1.4437862733999889,0.7215872059265772,-0.006635092916743209,0.003764723214165618,0.04792587484612307,0.9575870950375834,0.027632236919722254,0.7911999821662903,0.9847999811172485
129,792551,799.7594364883757,29,0.9574066658814748,0.025007090938517995,0.8112000226974487,0.9887999892234802,53.24166666666667,31.258864298342996,14.0,236.0,1.4456359644730885,0.7182045678297678,-0.0017947099513548892,0.003966530920782437,0.05886529667671483,0.9574066658814748,0.025007090938517995,0.8112000226974487,0.9887999892234802
130,798695,791.1639902636659,36,0.9613023224727127,0.015309464456556334,0.892799973487854,0.9896000027656555,48.372093023255815,19.136826694343323,13.0,134.0,1.4416628330945969,0.7304746781786283,-0.00777221328705006,0.0036830411312015108,0.049410095212877654,0.9613023224727127,0.015309464456556334,0.892799973487854,0.9896000027656555
131,804838,798.0475766328157,8,0.9666967983357608,0.013610263017901749,0.9008264541625977,0.9876033067703247,40.296875,16.468416445863124,15.0,120.0,1.4090868184963863,0.7540432835618655,-0.013401052701131752,0.0032470221243177852,0.04497776602080844,0.9666967983357608,0.013610263017901749,0.9008264541625977,0.9876033067703247
132,810982,954.4368587432693,14,0.9692744495678534,0.011131663314337197,0.9165289402008057,0.9884297251701355,37.17791411042945,13.469310832383796,14.0,101.0,1.3567323287328084,0.7724187473456064,-0.01723017469824602,0.002902708986463646,0.049165151757850765,0.9692744495678534,0.011131663314337197,0.9165289402008057,0.9884297251701355
133,817126,1068.1168093479046,20,0.9691059322068185,0.011131712049562151,0.9206611514091492,0.9892562031745911,37.38181818181818,13.469369393023937,13.0,96.0,1.389105757077535,0.790993387500445,-0.010372284198335061,0.002237395722962295,0.044035874758829745,0.9691059322068185,0.011131712049562151,0.9206611514091492,0.9892562031745911
134,823270,810.9869769668504,28,0.968741180693231,0.01285419753014007,0.9066115617752075,0.9900826215744019,37.823170731707314,15.553580081804146,12.0,113.0,1.412584587931633,0.7952228387196859,0.0005154403988854028,0.002027425881048354,0.04161922074267747,0.968741180693231,0.01285419753014007,0.9066115617752075,0.9900826215744019
135,829414,792.3378281193704,35,0.9671690160152959,0.010636788022260783,0.928925633430481,0.9892562031745911,39.72549019607843,12.870514153041027,13.0,86.0,1.4697637856006622,0.7868170912067095,0.0050156871814882225,0.001994329795707017,0.0371453371240914,0.9671690160152959,0.010636788022260783,0.928925633430481,0.9892562031745911
136,835557,779.0104562016098,8,0.9602564002076784,0.016342078840378024,0.9128205180168152,0.9837606549263,46.5,19.120233610846217,19.0,102.0,1.5476062446832657,0.7331727718313535,0.026682755288978417,0.002866444304042185,0.04842977962519388,0.9602564002076784,0.016342078840378024,0.9128205180168152,0.9837606549263
137,841701,797.7760106524495,16,0.9523600388217617,0.025346920997603908,0.8487179279327393,0.9837606549263,55.73873873873874,29.6558979478603,19.0,177.0,1.5506037125984828,0.7245738878846169,0.016241644276306033,0.003537127592911323,0.04907013593535656,0.9523600388217617,0.025346920997603908,0.8487179279327393,0.9837606549263
138,847845,835.1024854193787,23,0.9520496886085581,0.02072211014255702,0.8811965584754944,0.9820512533187866,56.101851851851855,24.244869566041153,21.0,139.0,1.5583206564188004,0.7034899741411209,0.014847451161282757,0.004007165446334208,0.049386353551202626,0.9520496886085581,0.02072211014255702,0.8811965584754944,0.9820512533187866
139,853989,1059.592685522955,29,0.9431723210700723,0.032616359200186996,0.8393162488937378,0.9846153855323792,66.48837209302326,38.161146741230574,18.0,188.0,1.5685677131017048,0.6689156591892242,0.02089990609480689,0.004265652523220827,0.05235533322514339,0.9431723210700723,0.032616359200186996,0.8393162488937378,0.9846153855323792
140,860133,822.9866677380159,36,0.9441851410972938,0.03573504694453676,0.771794855594635,0.9803418517112732,65.30337078651685,41.810004849219176,23.0,267.0,1.5613579948743184,0.6687579328815142,0.019992596431014437,0.0051392291982968645,0.054329752104543744,0.9441851410972938,0.03573504694453676,0.771794855594635,0.9803418517112732
141,866276,803.9571018701271,8,0.9539823002285428,0.019491359220440332,0.8920354247093201,0.9831858277320862,52.0,22.025238048909053,19.0,122.0,1.5859586149454117,0.6252823770046234,0.01796670719825973,0.004695945691006879,0.05053161941038872,0.9539823002285428,0.019491359220440332,0.8920354247093201,0.9831858277320862
142,872420,805.6382154161688,15,0.9341436096384556,0.04619928645968781,0.7796460390090942,0.9840707778930664,74.41772151898734,52.205195821468685,18.0,249.0,1.5624330093463261,0.617348849773407,0.012684171825336913,0.005879872129298747,0.05485394388919485,0.9341436096384556,0.04619928645968781,0.7796460390090942,0.9840707778930664
143,878564,810.7988205603282,23,0.935920674398721,0.04937192778257484,0.7159292101860046,0.9849557280540466,72.40963855421687,55.79027771772753,17.0,321.0,1.5622620433568954,0.61046002805233,0.007179945586055207,0.006570801022462547,0.06118542465273402,0.935920674398721,0.04937192778257484,0.7159292101860046,0.9849557280540466
144,884708,956.9070603346192,29,0.9366350396569952,0.062323795062398574,0.6584070920944214,0.9876106381416321,71.60240963855422,70.42588854481123,14.0,386.0,1.5495122025410335,0.5970335925618807,0.004976172315461251,0.007515375327784568,0.06713256666852517,0.9366350396569952,0.062323795062398574,0.6584070920944214,0.9876106381416321
145,890852,1090.0816482870678,35,0.9371349550783634,0.05311622869607726,0.6716814041137695,0.9858406782150269,71.0375,60.021338653432245,16.0,371.0,1.5504314253727596,0.5842114289601644,0.00016635090772372982,0.008337265346199274,0.06905029942598971,0.9371349550783634,0.05311622869607726,0.6716814041137695,0.9858406782150269
146,896995,882.8618954007272,7,0.9543605647891401,0.020631130579982688,0.884403645992279,0.9825688004493713,49.74698795180723,22.48793163545324,19.0,126.0,1.4775455792744954,0.6091934045155843,-0.014107510602722565,0.008673103312806537,0.0704124145346963,0.9543605647891401,0.020631130579982688,0.884403645992279,0.9825688004493713
147,903139,826.8244484321835,15,0.9492354761986506,0.032469643481515105,0.8018348813056946,0.9880734086036682,55.333333333333336,35.39191011498676,13.0,216.0,1.39719953139623,0.6686297381917635,-0.041485200791309275,0.007645673137934257,0.07379557279992084,0.9492354761986506,0.032469643481515105,0.8018348813056946,0.9880734086036682
148,909283,824.4158376191073,22,0.9588052679721574,0.019929439341180046,0.878899097442627,0.9853211045265198,44.902255639097746,21.723091439272853,16.0,132.0,1.3635275860627492,0.7013874178131422,-0.03911864710971713,0.005310853070113808,0.06049332968348888,0.9588052679721574,0.019929439341180046,0.878899097442627,0.9853211045265198
149,915427,805.4260996236221,30,0.9587959534060346,0.02066580466706076,0.8541284203529358,0.9871559739112854,44.91240875912409,22.525727206212064,14.0,159.0,1.3445067554712296,0.714361568291982,-0.022733106471908588,0.004962306547289093,0.05772654224190235,0.9587959534060346,0.02066580466706076,0.8541284203529358,0.9871559739112854
150,921571,812.8142827286721,37,0.9617064229647319,0.020243288134550584,0.8568807244300842,0.9880734086036682,41.74,22.0651852473529,13.0,156.0,1.3345171958208084,0.7416946018735567,-0.024236009223386645,0.004045336672182505,0.05415494508208074,0.9617064229647319,0.020243288134550584,0.8568807244300842,0.9880734086036682
151,927714,891.3022753802591,7,0.9683178694217236,0.011254621849413608,0.9228571653366089,0.9857142567634583,33.26623376623377,11.817355829562558,15.0,81.0,1.3085084408521652,0.7825865199168524,-0.018598954232099157,0.002868835329233358,0.044315150640005296,0.9683178694217236,0.011254621849413608,0.9228571653366089,0.9857142567634583
152,933858,867.8994089853027,14,0.9674347148787591,0.012533040108745053,0.8961904644966125,0.9885714054107666,34.193548387096776,13.159695771000678,12.0,109.0,1.317434847354889,0.8044453238447508,-0.007806239028771718,0.001951212029477271,0.03742141979126907,0.9674347148787591,0.012533040108745053,0.8961904644966125,0.9885714054107666
153,940002,857.7114950091761,21,0.9661337832609812,0.00982774680218445,0.9361904859542847,0.9857142567634583,35.55952380952381,10.319135242557635,15.0,67.0,1.399815986553828,0.7985425467292467,-0.0015479920839425176,0.0018067053460981697,0.03502764467246125,0.9661337832609812,0.00982774680218445,0.9361904859542847,0.9857142567634583
154,946146,849.9868287650398,28,0.9632878360474945,0.014472919526156201,0.9047619104385376,0.9885714054107666,38.547770700636946,15.19656592948988,12.0,100.0,1.4187824527422588,0.7892404943704605,0.006629041289973732,0.0020754876895807683,0.03753042288085321,0.9632878360474945,0.014472919526156201,0.9047619104385376,0.9885714054107666
155,952290,1013.2786429748231,34,0.9631765740258353,0.01537352565455271,0.8933333158493042,0.9885714054107666,38.66459627329193,16.14220350986119,12.0,112.0,1.4050149619579315,0.7840537056326866,0.005559785877267132,0.002137914144744476,0.03691050951732818,0.9631765740258353,0.01537352565455271,0.8933333158493042,0.9885714054107666
156,958433,1131.9389064596253,5,0.9575452372945589,0.017836077732679728,0.8900989890098572,0.9821782112121582,42.87931034482759,18.014436343270777,18.0,111.0,1.4941985507806141,0.7544243931770325,0.018119495633679133,0.0026557641879965863,0.040940060767209394,0.9575452372945589,0.017836077732679728,0.8900989890098572,0.9821782112121582
157,964577,870.4808173380561,12,0.9488928886977109,0.028800569440975487,0.8306930661201477,0.9821782112121582,51.61818181818182,29.088573769900478,18.0,171.0,1.5230462849140167,0.7302228758732477,0.025321658778314788,0.0034564757564415536,0.05039809767915541,0.9488928886977109,0.028800569440975487,0.8306930661201477,0.9821782112121582
158,970721,841.0174677427203,20,0.9465982339797764,0.033815642094110136,0.7425742745399475,0.9831683039665222,53.93577981651376,34.15380087633209,17.0,260.0,1.524242028594017,0.7012115692098936,0.012113858732239654,0.004101526389907424,0.0477232216785593,0.9465982339797764,0.033815642094110136,0.7425742745399475,0.9831683039665222
159,976865,836.8364566535386,27,0.9415275817825681,0.030660605749340132,0.8217821717262268,0.9792079329490662,59.05714285714286,30.967211099246672,21.0,180.0,1.5230127424001694,0.6845249558488528,0.01225986290955916,0.004418459129131709,0.04627492277450316,0.9415275817825681,0.030660605749340132,0.8217821717262268,0.9792079329490662
160,983009,874.1208192741954,34,0.9407860180553125,0.03901580322932365,0.6702970266342163,0.9821782112121582,59.80612244897959,39.405960950521,18.0,333.0,1.5287951330343883,0.667915421227614,0.00923329316234837,0.004877307820909967,0.05301697215883586,0.9407860180553125,0.03901580322932365,0.6702970266342163,0.9821782112121582
161,989152,1180.0937403632959,5,0.9462980333860819,0.02612409803989198,0.8752577304840088,0.977319598197937,52.09090909090909,25.340374754135883,22.0,121.0,1.4942263265450795,0.6598382145166397,0.012157282326370478,0.004637105836688231,0.0531919073648284,0.9462980333860819,0.02612409803989198,0.8752577304840088,0.977319598197937
162,995296,1198.6358320793765,10,0.9415777683258056,0.03204921352477207,0.8185567259788513,0.9814432859420776,56.6695652173913,31.087736080222584,18.0,176.0,1.4760844508806865,0.6733533218502998,-0.008281529248051811,0.0049545371245282395,0.05318590388764504,0.9415777683258056,0.03204921352477207,0.8185567259788513,0.9814432859420776
163,1001440,941.8802732767452,17,0.9462366584127984,0.039182754041851654,0.6340206265449524,0.985567033290863,52.150442477876105,38.00727020320966,14.0,355.0,1.4403255432844162,0.6804099306464195,-0.01398509209199498,0.00544693125023817,0.053216544066952476,0.9462366584127984,0.039182754041851654,0.6340206265449524,0.985567033290863
164,1007584,882.0977455949801,24,0.9453954741734416,0.030742445431154706,0.7855669856071472,0.9814432859420776,52.96638655462185,29.820170482666278,18.0,208.0,1.4287291467189789,0.6867343162496885,-0.007992399187060073,0.005281254843187829,0.05955553368085281,0.9453954741734416,0.030742445431154706,0.7855669856071472,0.9814432859420776
165,1013728,894.9967313789772,31,0.9487894403211998,0.04792504360331564,0.5030927658081055,0.9845361113548279,49.67424242424242,46.48728992344121,15.0,482.0,1.4015354663133621,0.717360424498717,-0.0074192031437026644,0.004776949664422621,0.055787047902399266,0.9487894403211998,0.04792504360331564,0.5030927658081055,0.9845361113548279
166,1019871,1280.8243271197555,5,0.9533953237103986,0.019597379188894728,0.8784946203231812,0.9838709831237793,43.34234234234234,18.225561445643528,15.0,113.0,1.4254628320535023,0.7184434855977694,-0.006027011804690119,0.0038332265782325217,0.04547299743835855,0.9533953237103986,0.019597379188894728,0.8784946203231812,0.9838709831237793
167,1026015,1284.4662770705074,9,0.9512826973997702,0.02301393615900634,0.8333333134651184,0.9827957153320312,45.30708661417323,21.402962415833944,16.0,155.0,1.4184071123600006,0.729500042895476,-0.0016332382365362719,0.0038719424531639865,0.046425423300599955,0.9512826973997702,0.02301393615900634,0.8333333134651184,0.9827957153320312
168,1032159,1284.6672118775343,14,0.946930025798687,0.029601480370206275,0.7698924541473389,0.9806451797485352,49.35507246376812,27.5293784377465,18.0,214.0,1.4749495635430019,0.7328117961684862,-0.00393325783322022,0.0033377212627480426,0.040114165051021666,0.946930025798687,0.029601480370206275,0.7698924541473389,0.9806451797485352
169,1038303,1287.9881954008424,19,0.946944440404574,0.024311339568905358,0.8505376577377319,0.9795699119567871,49.34166666666667,22.609546594795354,19.0,139.0,1.483639990290006,0.7212624003489813,0.008404462840796137,0.0039735833124723285,0.04653421798873366,0.946944440404574,0.024311339568905358,0.8505376577377319,0.9795699119567871
170,1044447,997.4785615374834,25,0.9461531264000925,0.028703262248060264,0.8086021542549133,0.9806451797485352,50.077586206896555,26.694036161423696,18.0,178.0,1.5038929829994838,0.7139503434300423,0.010820901554931575,0.004096609598491341,0.04701533327914772,0.9461531264000925,0.028703262248060264,0.8086021542549133,0.9806451797485352
171,1050590,1270.4799288525821,5,0.9430087394184536,0.026556933869723003,0.8584269881248474,0.9797753095626831,50.72222222222222,23.635673498514805,18.0,126.0,1.5307152569293976,0.6949361115694046,0.014619749505072832,0.004066278410997863,0.04859690989824352,0.9430087394184536,0.026556933869723003,0.8584269881248474,0.9797753095626831
172,1056734,1071.8844269355252,10,0.9408968871673652,0.02954831741523792,0.819101095199585,0.983146071434021,52.60176991150443,26.297999460576374,15.0,161.0,1.4818588147560756,0.6832514951626459,0.005694521018691982,0.004315411836917822,0.045243689363872526,0.9408968871673652,0.02954831741523792,0.819101095199585,0.983146071434021
173,1062878,951.862459444422,17,0.9364271544608749,0.04016293402887546,0.7505617737770081,0.9842696785926819,56.57983193277311,35.745011004844564,14.0,222.0,1.4828309267759323,0.6992357696096102,-0.005301786225269704,0.00464660330908373,0.04614172007491998,0.9364271544608749,0.04016293402887546,0.7505617737770081,0.9842696785926819
174,1069022,975.1659914306589,23,0.9442473758350719,0.02383998798386267,0.8494381904602051,0.9808988571166992,49.6198347107438,21.21758829050186,17.0,134.0,1.4640060017506282,0.7015532602866491,-0.002576623415128173,0.0042378896129472805,0.0488910639145802,0.9442473758350719,0.02383998798386267,0.8494381904602051,0.9808988571166992
175,1075166,982.2404009187467,29,0.9443206496599341,0.03259930708570814,0.7876404523849487,0.9887640476226807,49.554621848739494,29.01338360512862,10.0,189.0,1.4265233427286148,0.7020993903279305,-0.005943786214629654,0.004414434321612741,0.049556810412747045,0.9443206496599341,0.03259930708570814,0.7876404523849487,0.9887640476226807
176,1081309,931.6275866103019,7,0.9571977137691445,0.014281452903668883,0.9164705872535706,0.9823529124259949,36.38194444444444,12.13923650341332,15.0,71.0,1.3837335109710693,0.7493842119971911,-0.029366573318839073,0.0032738263350135335,0.04858400009942875,0.9571977137691445,0.014281452903668883,0.9164705872535706,0.9823529124259949
177,1087453,1064.4282981471083,13,0.9563701581664201,0.015718858161678326,0.8988234996795654,0.981176495552063,37.08536585365854,13.361029261061125,16.0,86.0,1.3754134625196457,0.7666100238760313,-0.01722905699474116,0.0027931247119947025,0.03965528292024715,0.9563701581664201,0.015718858161678326,0.8988234996795654,0.981176495552063
178,1093597,1148.2131081933314,18,0.9566176462741125,0.016927040001890076,0.8799999952316284,0.9847058653831482,36.875,14.387985852952522,13.0,102.0,1.3827769805987675,0.7722622404495875,-0.01293083066896846,0.002360741481728231,0.035112541734447285,0.9566176462741125,0.016927040001890076,0.8799999952316284,0.9847058653831482
179,1099741,1154.784814764294,23,0.9579831913539342,0.014409782013582945,0.9223529696464539,0.9823529124259949,35.714285714285715,12.248315169434361,15.0,66.0,1.3832103510697682,0.7894191121061643,-0.0061158998384295655,0.00199769311681545,0.03420252417949729,0.9579831913539342,0.014409782013582945,0.9223529696464539,0.9823529124259949
180,1105885,1152.5529118842662,29,0.9580048130966766,0.013363708801736082,0.907058835029602,0.981176495552063,35.69590643274854,11.35915199827435,16.0,79.0,1.4065802246332169,0.7927715256810188,-0.0026378867308570384,0.0018260221161957209,0.03174569147881317,0.9580048130966766,0.013363708801736082,0.907058835029602,0.981176495552063
181,1112028,959.7412401716554,6,0.953813151264867,0.014096247030409277,0.8925926089286804,0.980246901512146,37.4113475177305,11.417959551156919,16.0,87.0,1.4542692452669144,0.7728121330340704,0.004732640709941431,0.0019072676659561694,0.03864009009045536,0.953813151264867,0.014096247030409277,0.8925926089286804,0.980246901512146
182,1118172,950.923233785021,13,0.9507348634758774,0.019245458742326815,0.8160493969917297,0.9790123701095581,39.904761904761905,15.588820926179142,17.0,149.0,1.4659763475259144,0.7706501210729281,0.007795147267946352,0.00206672701460775,0.03397556914217526,0.9507348634758774,0.019245458742326815,0.8160493969917297,0.9790123701095581
183,1124316,909.072313602069,20,0.9497809636977411,0.018216808732608912,0.8876543045043945,0.9851852059364319,40.67741935483871,14.755615873011992,12.0,91.0,1.4614499161640804,0.7675986215472221,0.0026675055657202997,0.002100114016987694,0.03419687003684752,0.9497809636977411,0.018216808732608912,0.8876543045043945,0.9851852059364319
184,1130460,920.7583925515546,26,0.9497942388057709,0.01944547731916752,0.8802469372749329,0.9790123701095581,40.666666666666664,15.750837720225832,17.0,97.0,1.4381776601076126,0.7678302600979805,0.00015826948462442184,0.0022738053424594304,0.035293174692226655,0.9497942388057709,0.01944547731916752,0.8802469372749329,0.9790123701095581
185,1136604,967.7827213979441,33,0.9519961542123324,0.016439883321768274,0.885185182094574,0.9790123701095581,38.883116883116884,13.316305819357336,17.0,93.0,1.4503387312094371,0.7622583657503128,-0.0008111447823466733,0.002204482511539633,0.03223826013841064,0.9519961542123324,0.016439883321768274,0.885185182094574,0.9790123701095581
186,1142747,878.3004350227573,7,0.9443919707428325,0.023305797202715386,0.850649356842041,0.9792208075523376,42.81818181818182,17.94546375609969,16.0,115.0,1.4982827653487523,0.7415309697389603,0.019242018383617204,0.0027034289572232715,0.04001215168704852,0.9443919707428325,0.023305797202715386,0.850649356842041,0.9792208075523376
187,1148891,887.4202818298849,14,0.9332419874471262,0.032183491039690926,0.7896103858947754,0.9753246903419495,51.403669724770644,24.78128891141665,19.0,162.0,1.5139699429273605,0.7148517519235611,0.025556105344245832,0.0033190631850933037,0.04574284279369157,0.9332419874471262,0.032183491039690926,0.7896103858947754,0.9753246903419495
188,1155035,884.766257909783,21,0.9239177486548821,0.037632314861311765,0.7714285850524902,0.9805194735527039,58.583333333333336,28.976882548373318,15.0,176.0,1.530566821495692,0.6850007474422455,0.02480452593105535,0.004062389120614777,0.04877380546713367,0.9239177486548821,0.037632314861311765,0.7714285850524902,0.9805194735527039
189,1161179,1149.0936906428058,26,0.9155844167025402,0.04755711293632004,0.701298713684082,0.9818181991577148,65.0,36.61897725154943,14.0,230.0,1.5738221059242885,0.6673986067374548,0.017743480236579973,0.004286546143703163,0.044204552821396424,0.9155844167025402,0.04755711293632004,0.701298713684082,0.9818181991577148
190,1167323,1167.381375391395,32,0.9259614151658364,0.037976677367477854,0.78311687707901,0.9779220819473267,57.00970873786408,29.242041534732998,17.0,167.0,1.5209890753030777,0.6708247189720472,0.0036821683243033476,0.00440319759460787,0.046320536583619565,0.9259614151658364,0.037976677367477854,0.78311687707901,0.9779220819473267
191,1173466,915.8879288676994,7,0.9305045088616813,0.028431890352715754,0.8465753197669983,0.9739726185798645,50.73170731707317,20.75528071534744,19.0,112.0,1.5422197083632152,0.6631058901548386,0.005667931215915208,0.003992315954140698,0.042958283219108294,0.9305045088616813,0.028431890352715754,0.8465753197669983,0.9739726185798645
192,1179610,924.2043972667442,13,0.9202256231915718,0.04014073968575359,0.7397260069847107,0.9712328910827637,58.23529411764706,29.302739104581025,21.0,190.0,1.5340681970119476,0.6572938710451126,0.007438228698447347,0.004808024765225127,0.05024889569688395,0.9202256231915718,0.04014073968575359,0.7397260069847107,0.9712328910827637
193,1185754,929.5840585040004,20,0.9199742399729215,0.054980725139956964,0.619178056716919,0.9726027250289917,58.41880341880342,40.13593128064646,20.0,278.0,1.4837504128615062,0.6738004336754481,-0.007050479999937427,0.0050343401574840145,0.04669688755527174,0.9199742399729215,0.054980725139956964,0.619178056716919,0.9726027250289917
194,1191898,933.836467718727,27,0.9274353097986292,0.038994317477235425,0.765753448009491,0.9712328910827637,52.97222222222222,28.46585294612858,21.0,171.0,1.4909980793793995,0.6687521934509277,0.0008466570967963586,0.004926617140881717,0.04665420495418671,0.9274353097986292,0.038994317477235425,0.765753448009491,0.9712328910827637
195,1198042,1111.2899499165362,32,0.9280097969179231,0.04670232819443209,0.6904109716415405,0.9808219075202942,52.552845528455286,34.09270080237893,14.0,226.0,1.45029716193676,0.6835042536258698,-0.00823522147644932,0.004961077114179109,0.04830508719415624,0.9280097969179231,0.04670232819443209,0.6904109716415405,0.9808219075202942
196,1204185,850.7869385481522,7,0.9354175306501843,0.029011668725457615,0.8289855122566223,0.9724637866020203,44.56190476190476,20.018050811121544,19.0,118.0,1.4773650020360947,0.6842969954013824,-0.0013294913660502061,0.004488241470729311,0.0433418326724489,0.9354175306501843,0.029011668725457615,0.8289855122566223,0.9724637866020203
197,1210329,871.450377573884,14,0.9261109139308457,0.03440576034952096,0.804347813129425,0.9724637866020203,50.98347107438016,23.739976909300527,19.0,135.0,1.4834933032592137,0.6973229224483172,-0.0011165766677928939,0.004408496102162947,0.04604623976294303,0.9261109139308457,0.03440576034952096,0.804347813129425,0.9724637866020203
198,1216473,889.6212813668111,21,0.9252047880836155,0.03922004010077279,0.6826087236404419,0.9811594486236572,51.608695652173914,27.061827970063028,13.0,219.0,1.511649842063586,0.6896768808364868,0.005858464554573099,0.004054247275538121,0.043064538304682244,0.9252047880836155,0.03922004010077279,0.6826087236404419,0.9811594486236572
199,1222617,1142.429290248097,27,0.9078565986532914,0.048063611785490644,0.6927536129951477,0.97826087474823,63.578947368421055,33.16389252354162,15.0,212.0,1.544912685950597,0.669320044418176,0.017397662081445258,0.004002037952886894,0.040580049126431185,0.9078565986532914,0.048063611785490644,0.6927536129951477,0.97826087474823
200,1228761,1174.922422432189,32,0.9155564428469457,0.04398395945938104,0.699999988079071,0.97826087474823,58.26605504587156,30.348931695852805,15.0,207.0,1.522145872314771,0.6799523706237475,0.0058226306694753776,0.004299847127792115,0.043977305088326146,0.9155564428469457,0.04398395945938104,0.699999988079071,0.97826087474823
201,1234904,864.4400945329635,7,0.9235470096270243,0.0347079838417352,0.8123077154159546,0.9707692265510559,49.69444444444444,22.56019041050019,19.0,122.0,1.5561036318540573,0.6340737367669741,0.013870049086108338,0.004550039380167921,0.04653704131347586,0.9235470096270243,0.0347079838417352,0.8123077154159546,0.9707692265510559
202,1241048,793.0385571696833,15,0.8971191533640319,0.07549217181297246,0.607692301273346,0.9692307710647583,66.87254901960785,49.06991242367572,20.0,255.0,1.5348279823859532,0.6364895701408386,0.007787889800965786,0.00514507811749354,0.047066171953416336,0.8971191533640319,0.07549217181297246,0.607692301273346,0.9692307710647583
203,1247192,777.6438742953397,23,0.9046837594774034,0.05364549368964848,0.7400000095367432,0.9769230484962463,61.955555555555556,34.869570022875926,15.0,169.0,1.51583032310009,0.6256784796714783,0.007933019163222829,0.005009255274975051,0.05317144684368891,0.9046837594774034,0.05364549368964848,0.7400000095367432,0.9769230484962463
204,1253336,780.8722174549026,31,0.9023509065756637,0.06714720853599518,0.6430768966674805,0.9800000190734863,63.47191011235955,43.6456852411747,13.0,232.0,1.5048956175645192,0.6201445261637369,0.014569999844146272,0.005796760301260899,0.056093939656877846,0.9023509065756637,0.06714720853599518,0.6430768966674805,0.9800000190734863
205,1259480,955.5388423935136,37,0.9066103123701535,0.06909651209415991,0.4938461482524872,0.9723076820373535,60.7032967032967,44.91273455708841,18.0,329.0,1.5383936017751694,0.6076924130320549,0.004328345786537587,0.006361012890314062,0.055463707830993136,0.9066103123701535,0.06909651209415991,0.4938461482524872,0.9723076820373535
206,1265623,927.1344077740866,7,0.943140639398331,0.031567597753365456,0.8163934350013733,0.9836065769195557,34.68421052631579,19.256233604924095,10.0,112.0,1.4634196559588115,0.6744908193747202,-0.03228938556276262,0.006484648115777721,0.06144187957279931,0.943140639398331,0.031567597753365456,0.8163934350013733,0.9836065769195557
207,1271767,917.2013498658623,13,0.9369625737832027,0.04776805126713119,0.6704918146133423,0.9836065769195557,38.45283018867924,29.138510711006507,10.0,201.0,1.4294399718443553,0.6925526410341263,-0.024739405256696045,0.006302933965343982,0.0576239975716042,0.9369625737832027,0.04776805126713119,0.6704918146133423,0.9836065769195557
208,1277911,910.4704251727876,20,0.9369965593020121,0.054597997368677584,0.6491803526878357,0.9819672107696533,38.4320987654321,33.304779722816164,11.0,214.0,1.4394521464904149,0.7152040426929792,-0.012208367760952873,0.006582448084373027,0.06056861745178493,0.9369965593020121,0.054597997368677584,0.6491803526878357,0.9819672107696533
209,1284055,797.239228812278,28,0.9400614768266677,0.049569393814938995,0.5639344453811646,0.9836065769195557,36.5625,30.237329474508822,10.0,266.0,1.4410179754098256,0.7126752560337385,-0.0029579823870638697,0.005114001804031432,0.049304205336578755,0.9400614768266677,0.049569393814938995,0.5639344453811646,0.9836065769195557
210,1290199,780.4595362569221,36,0.9370605525253826,0.06234758514813979,0.5409836173057556,0.9819672107696533,38.39306358381503,38.032027245399384,11.0,280.0,1.432295873761177,0.7367602984110514,-0.007647889302461408,0.005780322438416381,0.05336285153716417,0.9370605525253826,0.06234758514813979,0.5409836173057556,0.9819672107696533
211,1296343,1088.546142246734,6,0.9494835593107808,0.019329624321438744,0.8868852257728577,0.9819672107696533,30.815028901734102,11.791071601336123,11.0,69.0,1.3580500731865566,0.7748155171672503,-0.01937148506597926,0.003359899283774818,0.04490840910628502,0.9494835593107808,0.019329624321438744,0.8868852257728577,0.9819672107696533
212,1302487,1113.4295566166174,11,0.9522638565018063,0.02249463689575405,0.7803278565406799,0.9836065769195557,29.11904761904762,13.721728304568602,10.0,134.0,1.3572651942571003,0.7898089438676834,-0.015384032585037252,0.002709075236149753,0.03718719005550469,0.9522638565018063,0.02249463689575405,0.7803278565406799,0.9836065769195557
213,1308631,901.7357960484146,18,0.9534637765950321,0.02324291171330068,0.8360655903816223,0.9852458834648132,28.387096774193548,14.178175587848083,9.0,100.0,1.3583175192276637,0.8006034791469574,-0.013165706768631935,0.002335019496968016,0.03399278723926432,0.9534637765950321,0.02324291171330068,0.8360655903816223,0.9852458834648132
214,1314775,858.1908790898751,25,0.9519984404246012,0.018817101497445407,0.8704918026924133,0.9819672107696533,29.28095238095238,11.478431909149023,11.0,79.0,1.3779804706573486,0.8077629829446474,-0.0013588059725104056,0.0021197681586878994,0.03369980338700998,0.9519984404246012,0.018817101497445407,0.8704918026924133,0.9819672107696533
215,1320919,840.6172577199148,33,0.9508751075048953,0.02709785482179558,0.6934426426887512,0.9819672107696533,29.966183574879228,16.529692692465975,11.0,187.0,1.4015433639287949,0.8123806541164716,0.003687339834868908,0.001919140563889717,0.03123131342405881,0.9508751075048953,0.02709785482179558,0.6934426426887512,0.9819672107696533
216,1327063,788.2193248441741,8,0.9587431695010211,0.01481748403879983,0.8967213034629822,0.9852458834648132,25.166666666666668,9.038664030012812,9.0,63.0,1.3891342331965764,0.8313277214765549,-0.002842170598645074,0.0014390876652517666,0.025544763832932128,0.9587431695010211,0.01481748403879983,0.8967213034629822,0.9852458834648132
217,1333207,918.3080146129325,15,0.9602834572830048,0.013293978674994569,0.8983606696128845,0.9819672107696533,24.227091633466134,8.109326630121254,11.0,62.0,1.3425600230693817,0.8351261168718338,-0.01188134056671212,0.0012508524087024853,0.02339231148655638,0.9602834572830048,0.013293978674994569,0.8983606696128845,0.9819672107696533
218,1339351,1041.6186519791795,21,0.9616726255954656,0.013794571093506378,0.9016393423080444,0.9836065769195557,23.3796992481203,8.414686940137805,10.0,60.0,1.343296155333519,0.8438300068179766,-0.00989373930497095,0.0011464229949827616,0.023015511595153564,0.9616726255954656,0.013794571093506378,0.9016393423080444,0.9836065769195557
219,1345495,936.4751329435963,27,0.960078688621521,0.013520375785047903,0.911475419998169,0.9836065769195557,24.352,8.247429660203233,10.0,54.0,1.4129923681418102,0.844811292986075,0.003434955312210756,0.0010686713382407713,0.023656965880972335,0.960078688621521,0.013520375785047903,0.911475419998169,0.9836065769195557
220,1351639,852.0565543701362,34,0.9562410124038395,0.014872863595829115,0.9065573811531067,0.9836065769195557,26.69298245614035,9.072444488653112,10.0,57.0,1.4135050624608994,0.8376377696792284,0.010642147351366779,0.0011643652542261407,0.02554547642572354,0.9562410124038395,0.014872863595829115,0.9065573811531067,0.9836065769195557
